YNL329C	0.427	3020	0
YOR005C	0.479	3086	2
YER020W	0.454	2886	0
YHR008C	0.463	1077	0
YKL085W	0.447	2557	0
YDR110W	0.459	2154	0
YGL208W	0.459	2577	0
YLR318W	0.441	2817	0
YPR135W	0.401	634	0
YGL115W	0.45	2384	1
YDL035C	0.435	3212	0
YGR132C	0.444	2213	0
YOR101W	0.456	2686	0
YMR037C	0.458	2347	0
YOL025W	0.443	3712	0
YKL106W	0.457	2916	0
YKL113C	0.437	2649	0
YKL062W	0.456	2679	0
YIL155C	0.449	1919	0
YDL047W	0.316	840	0
YDR477W	0.456	1671	0
YPL157W	0.406	284	0
YKL008C	0.454	2667	0
YHL003C	0.447	2166	0
YGL253W	0.434	2537	0
YMR190C	0.466	2370	0
YGL037C	0.462	2979	1
YOR209C	0.418	1448	0
YDR293C	0.446	2179	3
YNL098C	0.449	2552	2
YGR231C	0.462	2837	0
YGL241W	0.449	3191	2
YDL116W	0.288	277	0
YBL079W	0.4	1315	0
YML103C	0.443	2599	0
YOR297C	0.465	643	0
YBR283C	0.439	1123	0
YKL084W	0.447	2487	2
YLR335W	0.448	2687	0
YKL068W	0.459	2404	4
YGR181W	0.457	2556	0
YEL030W	0.449	3087	0
YDR192C	0.454	2547	0
YMR153W	0.458	3767	0
YKR082W	0.308	914	0
YOL031C	0.454	3442	0
YGR033C	0.437	2940	0
YAR002W	0.353	1639	0
YGL153W	0.44	1940	1
YDL088C	0.452	2842	0
YLR018C	0.439	2966	0
YMR255W	0.468	2859	0
YKR065C	0.45	2338	4
YMR129W	0.445	2674	0
YNL328C	0.446	2471	0
YKL057C	0.178	1493	0
YDR395W	0.448	2284	0
YBR170C	0.446	2456	0
YER110C	0.429	2307	0
YDL137W	0.454	2800	0
YMR040W	0.444	2739	2
YGL206C	0.278	1025	0
YMR054W	0.449	2856	0
YHR110W	0.437	2385	0
YKL065C	0.444	2384	0
YPL195W	0.445	2881	4
YDR027C	0.442	1045	0
YKL135C	0.459	2820	0
YPL259C	0.46	3118	0
YJL024C	0.446	2520	0
YOR016C	0.461	2907	0
YLR170C	0.452	2997	2
YAL042W	0.454	2787	0
YBL037W	0.457	4072	0
YPL249C	0.454	3101	0
YGL223C	0.41	2121	0
YNL051W	0.43	2656	0
YJR005W	0.45	2319	2
YOR216C	0.453	2079	0
YJL029C	0.459	1483	0
YOL062C	0.451	2662	0
YLR250W	0.457	2596	0
YML067C	0.433	2856	0
YBR164C	0.453	3921	0
YMR292W	0.452	3588	0
YOL018C	0.459	2596	0
YPL246C	0.428	2926	0
YLR268W	0.42	1488	0
YPR029C	0.459	2577	2
YGL020C	0.451	1724	0
YGR261C	0.448	2102	0
YDL100C	0.451	2336	0
YAL007C	0.445	2014	0
YOR036W	0.411	2008	0
YHL019C	0.44	2661	0
YAL053W	0.447	3477	0
YDL192W	0.38	2250	0
YOR106W	0.446	2736	0
YAL030W	0.453	2511	2
YER074W	0.382	2162	0
